File: tddft_0.out
-------------------------

              1         2         3         4         5         6
    1   0.44792   0.00000   0.00000   0.00000  -0.00000   0.00000
    2   0.00000   0.43666   0.00000  -0.17890   0.00000  -0.16312
    3   0.00000   0.00000   0.25507  -0.00000  -0.00271  -0.00000
    4   0.00000  -0.17890  -0.00000   0.41208  -0.00000   0.07636
    5  -0.00000   0.00000  -0.00271  -0.00000   0.27051  -0.00000
    6   0.00000  -0.16312  -0.00000   0.07636  -0.00000   1.29489
---
File: tddft_1.out
-------------------------

              1         2         3         4         5         6
    1   0.44915   0.00000   0.00000  -0.00000  -0.00000   0.00000
    2   0.00000   0.43445   0.00000  -0.17883   0.00000  -0.16966
    3  -0.00000   0.00000   0.25401  -0.00000  -0.00266  -0.00000
    4  -0.00000  -0.17883  -0.00000   0.40998  -0.00000   0.08219
    5  -0.00000   0.00000  -0.00266  -0.00000   0.26955  -0.00000
    6   0.00000  -0.16966  -0.00000   0.08219  -0.00000   1.30392
---
File: tddft_2.out
-------------------------

              1         2         3         4         5         6
    1   0.45051   0.00000   0.00000   0.00000   0.00000   0.00000
    2   0.00000   0.43221   0.00000  -0.17868   0.00000  -0.17607
    3   0.00000   0.00000   0.25292  -0.00000  -0.00263  -0.00000
    4   0.00000  -0.17868   0.00000   0.40785   0.00000   0.08792
    5   0.00000  -0.00000  -0.00263   0.00000   0.26859   0.00000
    6   0.00000  -0.17607  -0.00000   0.08792   0.00000   1.31255
---
File: tddft_3.out
-------------------------

              1         2         3         4         5         6
    1   0.45202   0.00000   0.00000   0.00000  -0.00000  -0.00000
    2   0.00000   0.42992  -0.17848  -0.00000   0.00000   0.18260
    3   0.00000  -0.17848   0.40567  -0.00000  -0.00000  -0.09379
    4  -0.00000  -0.00000  -0.00000   0.25174  -0.00260  -0.00000
    5  -0.00000   0.00000  -0.00000  -0.00260   0.26763  -0.00000
    6  -0.00000   0.18260  -0.09379  -0.00000  -0.00000   1.32097
---
File: tddft_4.out
-------------------------

              1         2         3         4         5         6
    1   0.45366  -0.00000  -0.00000  -0.00000   0.00000  -0.00000
    2  -0.00000   0.42758  -0.17821   0.00000   0.00000  -0.18894
    3  -0.00000  -0.17821   0.40342  -0.00000  -0.00000   0.09950
    4  -0.00000   0.00000  -0.00000   0.25050   0.00257  -0.00000
    5   0.00000   0.00000  -0.00000   0.00257   0.26667  -0.00000
    6  -0.00000  -0.18894   0.09950  -0.00000  -0.00000   1.32906
---
File: tddft_5.out
-------------------------

              1         2         3         4         5         6
    1   0.45545   0.00000   0.00000   0.00000   0.00000   0.00000
    2   0.00000   0.42522  -0.17785   0.00000  -0.00000  -0.19516
    3   0.00000  -0.17785   0.40114  -0.00000   0.00000   0.10510
    4   0.00000   0.00000  -0.00000   0.24920   0.00255   0.00000
    5  -0.00000  -0.00000   0.00000   0.00255   0.26571   0.00000
    6   0.00000  -0.19516   0.10510   0.00000   0.00000   1.33678
---
File: tddft_6.out
-------------------------

              1         2         3         4         5         6
    1   0.45738   0.00000  -0.00000   0.00000  -0.00000  -0.00000
    2   0.00000   0.42283  -0.17743  -0.00000  -0.00000   0.20133
    3  -0.00000  -0.17743   0.39882   0.00000   0.00000  -0.11068
    4   0.00000  -0.00000   0.00000   0.24779  -0.00253   0.00000
    5  -0.00000  -0.00000   0.00000  -0.00253   0.26475  -0.00000
    6  -0.00000   0.20133  -0.11068  -0.00000  -0.00000   1.34421
---
File: tddft_7.out
-------------------------

              1         2         3         4         5         6
    1   0.45945  -0.00000  -0.00000   0.00000  -0.00000  -0.00000
    2  -0.00000   0.42041  -0.17692   0.00000  -0.00000  -0.20731
    3  -0.00000  -0.17692   0.39646  -0.00000   0.00000   0.11608
    4   0.00000   0.00000  -0.00000   0.24631  -0.00251  -0.00000
    5  -0.00000  -0.00000   0.00000  -0.00251   0.26380   0.00000
    6  -0.00000  -0.20731   0.11608  -0.00000   0.00000   1.35123
---
File: tddft_8.out
-------------------------

              1         2         3         4         5         6
    1   0.46168  -0.00000  -0.00000   0.00000   0.00000  -0.00000
    2  -0.00000   0.41790  -0.17633   0.00000  -0.00000  -0.21318
    3  -0.00000  -0.17633   0.39401  -0.00000   0.00000   0.12140
    4   0.00000   0.00000  -0.00000   0.24470   0.00249  -0.00000
    5   0.00000  -0.00000   0.00000   0.00249   0.26284   0.00000
    6  -0.00000  -0.21318   0.12140  -0.00000   0.00000   1.35797
---
File: tddft_9.out
-------------------------

              1         2         3         4         5         6
    1   0.46406   0.00000   0.00000  -0.00000  -0.00000  -0.00000
    2   0.00000   0.41536  -0.17567  -0.00000  -0.00000   0.21891
    3   0.00000  -0.17567   0.39151   0.00000   0.00000  -0.12660
    4  -0.00000  -0.00000   0.00000   0.24298   0.00438   0.00000
    5  -0.00000  -0.00000   0.00000   0.00438   0.27244  -0.00000
    6  -0.00000   0.21891  -0.12660  -0.00000  -0.00000   1.36436
---
File: tddft_10.out
-------------------------

              1         2         3         4         5         6
    1   0.46444   0.00000   0.00000   0.00000   0.00000  -0.00000
    2   0.00000   0.41418  -0.17553   0.00000   0.00000   0.21639
    3   0.00000  -0.17553   0.38987  -0.00000  -0.00000  -0.12421
    4   0.00000   0.00000  -0.00000   0.24332  -0.00434   0.00000
    5   0.00000   0.00000  -0.00000  -0.00434   0.27124   0.00000
    6  -0.00000   0.21639  -0.12421  -0.00000   0.00000   1.36297
---
File: tddft_11.out
-------------------------

              1         2         3         4         5         6
    1   0.46523   0.00000   0.00000  -0.00000   0.00000  -0.00000
    2   0.00000   0.41184  -0.17525  -0.00000  -0.00000   0.21110
    3   0.00000  -0.17525   0.38661   0.00000   0.00000  -0.11921
    4  -0.00000  -0.00000   0.00000   0.24397   0.00426   0.00000
    5   0.00000   0.00000   0.00000   0.00426   0.26886   0.00000
    6  -0.00000   0.21110  -0.11921  -0.00000   0.00000   1.35978
---
File: tddft_12.out
-------------------------

              1         2         3         4         5         6
    1   0.46562   0.00000   0.00000  -0.00000  -0.00000   0.00000
    2   0.00000   0.41066  -0.17511   0.00000  -0.00000  -0.20824
    3   0.00000  -0.17511   0.38497  -0.00000   0.00000   0.11653
    4  -0.00000   0.00000  -0.00000   0.24430   0.00423   0.00000
    5  -0.00000  -0.00000   0.00000   0.00423   0.26765  -0.00000
    6   0.00000  -0.20824   0.11653   0.00000  -0.00000   1.35799
---
File: tddft_13.out
-------------------------

              1         2         3         4         5         6
    1   0.46607  -0.00000  -0.00000   0.00000   0.00000  -0.00000
    2  -0.00000   0.40946  -0.17495  -0.00000  -0.00000  -0.20540
    3  -0.00000  -0.17495   0.38332   0.00000   0.00000   0.11386
    4   0.00000  -0.00000   0.00000   0.24460  -0.00418   0.00000
    5   0.00000  -0.00000   0.00000  -0.00418   0.26644   0.00000
    6  -0.00000  -0.20540   0.11386  -0.00000   0.00000   1.35614
---
File: tddft_14.out
-------------------------

              1         2         3         4         5         6
    1   0.46652   0.00000   0.00000   0.00000   0.00000  -0.00000
    2   0.00000   0.40826  -0.17478   0.00000   0.00000   0.20244
    3   0.00000  -0.17478   0.38166  -0.00000  -0.00000  -0.11108
    4   0.00000   0.00000  -0.00000   0.24489  -0.00413   0.00000
    5   0.00000   0.00000  -0.00000  -0.00413   0.26523   0.00000
    6  -0.00000   0.20244  -0.11108  -0.00000   0.00000   1.35417
---
File: tddft_15.out
-------------------------

              1         2         3         4         5         6
    1   0.46698  -0.00000  -0.00000   0.00000   0.00000  -0.00000
    2  -0.00000   0.40707  -0.17461  -0.00000  -0.00000  -0.19940
    3  -0.00000  -0.17461   0.38001   0.00000   0.00000   0.10823
    4   0.00000  -0.00000   0.00000   0.24516  -0.00407  -0.00000
    5   0.00000  -0.00000   0.00000  -0.00407   0.26404   0.00000
    6  -0.00000  -0.19940   0.10823  -0.00000   0.00000   1.35207
---
File: tddft_16.out
-------------------------

              1         2         3         4         5         6
    1   0.46745   0.00000   0.00000   0.00000   0.00000  -0.00000
    2   0.00000   0.40587  -0.17444   0.00000  -0.00000   0.19624
    3   0.00000  -0.17444   0.37836  -0.00000   0.00000  -0.10529
    4   0.00000   0.00000  -0.00000   0.24543   0.00400   0.00000
    5   0.00000  -0.00000   0.00000   0.00400   0.26286   0.00000
    6  -0.00000   0.19624  -0.10529   0.00000   0.00000   1.34985
---
File: tddft_17.out
-------------------------

              1         2         3         4         5         6
    1   0.46792   0.00000   0.00000   0.00000   0.00000   0.00000
    2   0.00000   0.40472  -0.17427   0.00000   0.00000  -0.19303
    3   0.00000  -0.17427   0.37676  -0.00000  -0.00000   0.10231
    4   0.00000   0.00000  -0.00000   0.24568  -0.00392  -0.00000
    5   0.00000   0.00000  -0.00000  -0.00392   0.26172  -0.00000
    6   0.00000  -0.19303   0.10231   0.00000  -0.00000   1.34757
---
File: tddft_18.out
-------------------------

              1         2         3         4         5         6
    1   0.46842   0.00000   0.00000   0.00000   0.00000  -0.00000
    2   0.00000   0.40349  -0.17409  -0.00000  -0.00000   0.18958
    3   0.00000  -0.17409   0.37508   0.00000   0.00000  -0.09912
    4   0.00000  -0.00000   0.00000   0.24590  -0.00382  -0.00000
    5   0.00000  -0.00000   0.00000  -0.00382   0.26056  -0.00000
    6  -0.00000   0.18958  -0.09912  -0.00000  -0.00000   1.34507
---
File: tddft_19.out
-------------------------

              1         2         3         4         5         6
    1   0.46897   0.00000   0.00000  -0.00000  -0.00000   0.00000
    2   0.00000   0.40227  -0.17388  -0.00000  -0.00000  -0.18618
    3   0.00000  -0.17388   0.37340  -0.00000  -0.00000   0.09596
    4  -0.00000  -0.00000   0.00000   0.24602   0.00366   0.00000
    5  -0.00000  -0.00000  -0.00000   0.00366   0.25947   0.00000
    6   0.00000  -0.18618   0.09596   0.00000   0.00000   1.34252
---
File: tddft_20.out
-------------------------

              1         2         3         4         5         6
    1   0.46949  -0.00000  -0.00000   0.00000   0.00000   0.00000
    2  -0.00000   0.40106  -0.17368  -0.00000  -0.00000   0.18254
    3  -0.00000  -0.17368   0.37174   0.00000   0.00000  -0.09260
    4   0.00000  -0.00000   0.00000   0.24610  -0.00345  -0.00000
    5   0.00000  -0.00000   0.00000  -0.00345   0.25845  -0.00000
    6   0.00000   0.18254  -0.09260  -0.00000   0.00000   1.33977
---
File: tddft_21.out
-------------------------

              1         2         3         4         5         6
    1   0.47003  -0.00000  -0.00000   0.00000   0.00000   0.00000
    2  -0.00000   0.39986  -0.17348  -0.00000  -0.00000   0.17880
    3  -0.00000  -0.17348   0.37008   0.00000   0.00000  -0.08916
    4   0.00000  -0.00000   0.00000   0.24604  -0.00309  -0.00000
    5   0.00000  -0.00000   0.00000  -0.00309   0.25756  -0.00000
    6   0.00000   0.17880  -0.08916   0.00000  -0.00000   1.33691
---
File: tddft_22.out
-------------------------

              1         2         3         4         5         6
    1   0.47058   0.00000   0.00000  -0.00000   0.00000  -0.00000
    2  -0.00000   0.39865  -0.17327   0.00000   0.00000  -0.17497
    3  -0.00000  -0.17327   0.36843  -0.00000  -0.00000   0.08565
    4  -0.00000   0.00000  -0.00000   0.24574   0.00235  -0.00000
    5   0.00000   0.00000  -0.00000   0.00235   0.25690  -0.00000
    6  -0.00000  -0.17497   0.08565  -0.00000  -0.00000   1.33396
---
File: tddft_23.out
-------------------------

              1         2         3         4         5         6
    1   0.47169  -0.00000  -0.00000   0.00000  -0.00000   0.00000
    2  -0.00000   0.39624  -0.17285   0.00000   0.00000   0.16689
    3  -0.00000  -0.17285   0.36513  -0.00000  -0.00000  -0.07827
    4   0.00000   0.00000  -0.00000   0.24566  -0.00254   0.00000
    5  -0.00000   0.00000  -0.00000  -0.00254   0.25508   0.00000
    6   0.00000   0.16689  -0.07827   0.00000   0.00000   1.32767
---
File: tddft_24.out
-------------------------

              1         2         3         4         5         6
    1   0.47399   0.00000   0.00000  -0.00000  -0.00000   0.00000
    2  -0.00000   0.39147  -0.17197   0.00000  -0.00000   0.14916
    3  -0.00000  -0.17197   0.35859  -0.00000   0.00000  -0.06223
    4  -0.00000   0.00000  -0.00000   0.24550  -0.00434   0.00000
    5  -0.00000  -0.00000   0.00000  -0.00434   0.25150  -0.00000
    6   0.00000   0.14916  -0.06223  -0.00000   0.00000   1.31377
---
File: tddft_25.out
-------------------------

              1         2         3         4         5         6
    1   0.47637  -0.00000  -0.00000   0.00000   0.00000  -0.00000
    2  -0.00000   0.38674  -0.17104  -0.00000  -0.00000  -0.12924
    3  -0.00000  -0.17104   0.35213   0.00000  -0.00000   0.04445
    4   0.00000  -0.00000   0.00000   0.24120  -0.00413   0.00000
    5   0.00000  -0.00000  -0.00000  -0.00413   0.25210   0.00000
    6  -0.00000  -0.12924   0.04445   0.00000   0.00000   1.29827
---
File: tddft_26.out
-------------------------

              1         2         3         4         5         6
    1   0.47883  -0.00000  -0.00000   0.00000   0.00000  -0.00000
    2  -0.00000   0.38205  -0.17007  -0.00000  -0.00000  -0.10712
    3  -0.00000  -0.17007   0.34574   0.00000   0.00000   0.02494
    4   0.00000  -0.00000   0.00000   0.23654  -0.00397   0.00000
    5   0.00000  -0.00000   0.00000  -0.00397   0.25310   0.00000
    6  -0.00000  -0.10712   0.02494   0.00000  -0.00000   1.28145
---
File: tddft_27.out
-------------------------

              1         2         3         4         5         6
    1   0.48137   0.00000   0.00000   0.00000  -0.00000  -0.00000
    2   0.00000   0.37741  -0.16908  -0.00000   0.00000   0.08282
    3   0.00000  -0.16908   0.33942   0.00000  -0.00000  -0.00381
    4   0.00000  -0.00000   0.00000   0.23184  -0.00013  -0.00000
    5  -0.00000   0.00000  -0.00000  -0.00013   0.25011   0.00000
    6  -0.00000   0.08282  -0.00381  -0.00000   0.00000   1.26364
---
File: tddft_28.out
-------------------------

              1         2         3         4         5         6
    1   0.48396   0.00000   0.00000  -0.00000   0.00000   0.00000
    2   0.00000   0.37282  -0.16804  -0.00000  -0.00000  -0.05654
    3   0.00000  -0.16804   0.33318   0.00000   0.00000  -0.01872
    4  -0.00000  -0.00000   0.00000   0.22716  -0.00045   0.00000
    5   0.00000  -0.00000   0.00000  -0.00045   0.24848   0.00000
    6   0.00000  -0.05654  -0.01872   0.00000   0.00000   1.24522
---
File: tddft_29.out
-------------------------

              1         2         3         4         5         6
    1   0.48661   0.00000   0.00000   0.00000   0.00000   0.00000
    2   0.00000   0.32702  -0.16699   0.00000   0.00000  -0.04230
    3   0.00000  -0.16699   0.36828  -0.00000  -0.00000  -0.02860
    4   0.00000   0.00000  -0.00000   0.22254  -0.00080  -0.00000
    5   0.00000   0.00000  -0.00000  -0.00080   0.24684   0.00000
    6   0.00000  -0.04230  -0.02860  -0.00000   0.00000   1.22664
---
File: tddft_30.out
-------------------------

              1         2         3         4         5         6
    1   0.48930   0.00000   0.00000   0.00000   0.00000   0.00000
    2   0.00000   0.32093  -0.16591  -0.00000   0.00000  -0.06649
    3   0.00000  -0.16591   0.36379   0.00000  -0.00000   0.00055
    4   0.00000  -0.00000   0.00000   0.21798  -0.00119   0.00000
    5   0.00000   0.00000  -0.00000  -0.00119   0.24518   0.00000
    6   0.00000  -0.06649   0.00055   0.00000   0.00000   1.20832
---
