C -0.410990219 -1.798958603 0.000000000
C -0.559475119 -0.470573512 0.000000000
C 0.410990219 1.798958603 0.000000000
C 0.559475119 0.470573512 0.000000000
H -1.263114858 -2.463113554 0.000000000
H 0.571968115 -2.252448386 0.000000000
H 1.263114858 2.463113554 0.000000000
H -1.554995711 -0.040726039 0.000000000
H -0.571968115 2.252448386 0.000000000
H 1.554995711 0.040726039 0.000000000

C 1.847243495 0.119160713 0.000000000
C 0.607180620 -0.400874115 0.000000000
C -1.847243495 -0.119160713 0.000000000
C -0.607180620 0.400874115 0.000000000
H 2.723768680 -0.512267421 0.000000000
H 2.003837433 1.190303772 0.000000000
H -2.723768680 0.512267421 0.000000000
H 0.479324426 -1.477730117 0.000000000
H -2.003837433 -1.190303772 0.000000000
H -0.479324426 1.477730117 0.000000000

C 1.855444943 0.072294551 0.000000000
C 0.593459440 -0.414907410 0.000000000
C -1.855444943 -0.072294551 0.000000000
C -0.593459440 0.414907410 0.000000000
H 2.712582436 -0.585060134 0.000000000
H 2.041283165 1.138751496 0.000000000
H -2.712582436 0.585060134 0.000000000
H 0.438622158 -1.488258687 0.000000000
H -2.041283165 -1.138751496 0.000000000
H -0.438622158 1.488258687 0.0000000000

C 1.859493493 0.109998987 0.000000000
C 0.598371098 -0.401623638 0.000000000
C -1.859493493 -0.109998987 0.000000000
C -0.598371098 0.401623638 0.000000000
H 2.726774916 -0.533828464 0.000000000
H 2.025822296 1.179699526 0.000000000
H -2.726774916 0.533828464 0.000000000
H 0.465617945 -1.478054215 0.000000000
H -2.025822296 -1.179699526 0.000000000
H -0.465617945 1.478054215 0.000000000

C -1.867836681 0.057291882 0.000000000
C -0.556747017 0.452194009 0.000000000
C 1.867836681 -0.057291882 0.000000000
C 0.556747017 -0.452194009 0.000000000
H -2.670626670 0.779762399 0.000000000
H -2.131441721 -0.992690690 0.000000000
H 2.670626670 -0.779762399 0.000000000
H -0.328532979 1.512549960 0.000000000
H 2.131441721 0.992690690 0.000000000
H 0.328532979 -1.512549960 0.000000000

C 1.865569597 -0.184425239 0.000000000
C 0.606981017 0.375706299 0.000000000
C -1.865569597 0.184425239 0.000000000
C -0.606981017 -0.375706299 0.000000000
H 2.752000045 0.432425961 0.000000000
H 1.993733974 -1.259373539 0.000000000
H -2.752000045 -0.432425961 0.000000000
H 0.517711060 1.456709308 0.000000000
H -1.993733974 1.259373539 0.000000000
H -0.517711060 -1.456709308 0.000000000

C -1.860215598 0.276521292 0.000000000
C -0.621238252 -0.344697576 0.000000000
C 1.860215598 -0.276521292 0.000000000
C 0.621238252 0.344697576 0.000000000
H -2.773264707 -0.299985529 0.000000000
H -1.937551709 1.356331940 0.000000000
H 2.773264707 0.299985529 0.000000000
H -0.585510637 -1.428860560 0.000000000
H 1.937551709 -1.356331940 0.000000000
H 0.585510637 1.428860560 0.000000000

C -1.883401320 0.110201947 0.000000000
C -0.584746829 -0.397590134 0.000000000
C 1.883401320 -0.110201947 0.000000000
C 0.584746829 0.397590134 0.000000000
H -2.738660775 -0.548846331 0.000000000
H -2.058332571 1.178540408 0.000000000
H 2.738660775 0.548846331 0.000000000
H -0.453082383 -1.474391779 0.000000000
H 2.058332571 -1.178540408 0.000000000
H 0.453082383 1.474391779 0.000000000

C 1.891637480 -0.065084923 0.000000000
C 0.571657332 0.410510539 0.000000000
C -1.891637480 0.065084923 0.000000000
C -0.571657332 -0.410510539 0.000000000
H 2.727845205 0.617857190 0.000000000
H 2.094075448 -1.128588052 0.000000000
H -2.727845205 -0.617857190 0.000000000
H 0.414558954 1.483941435 0.000000000
H -2.094075448 1.128588052 0.000000000
H -0.414558954 -1.483941435 0.000000000

C 0.691031929 1.768679605 0.000000000
C -0.197855389 0.671944611 0.000000000
C -0.691031929 -1.768679605 0.000000000
C 0.197855389 -0.671944611 0.000000000
H 0.319875581 2.782436663 0.000000000
H 1.761762911 1.608712776 0.000000000
H -0.319875581 -2.782436663 0.000000000
H -1.262611958 0.880170699 0.000000000
H -1.761762911 -1.608712776 0.000000000
H 1.262611958 -0.880170699 0.000000000

C 1.876542852 0.302466832 0.000000000
C 0.614056669 -0.337842238 0.000000000
C -1.876542852 -0.302466832 0.000000000
C -0.614056669 0.337842238 0.000000000
H 2.790108765 -0.272499683 0.000000000
H 1.944084016 1.382743195 0.000000000
H -2.790108765 0.272499683 0.000000000
H 0.591266501 -1.422207552 0.000000000
H -1.944084016 -1.382743195 0.000000000
H -0.591266501 1.422207552 0.000000000

C -1.901080641 0.114577198 0.000000000
C -0.574900598 -0.402237631 0.000000000
C 1.901080641 -0.114577198 0.000000000
C 0.574900598 0.402237631 0.000000000
H -2.755248674 -0.545115910 0.000000000
H -2.071562576 1.183086840 0.000000000
H 2.755248674 0.545115910 0.000000000
H -0.441348756 -1.477941036 0.000000000
H 2.071562576 -1.183086840 0.000000000
H 0.441348756 1.477941036 0.000000000

C -1.638949321 0.973840681 0.000000000
C -0.695358816 -0.096974717 0.000000000
C 1.638949321 -0.973840681 0.000000000
C 0.695358816 0.096974717 0.000000000
H -2.700656745 0.780732554 0.000000000
H -1.299053299 2.000820445 0.000000000
H 2.700656745 -0.780732554 0.000000000
H -1.067825260 -1.114588979 0.000000000
H 1.299053299 -2.000820445 0.000000000
H 1.067825260 1.114588979 0.000000000

C 0.154448808 1.902112913 0.000000000
C 0.483781206 0.509311942 0.000000000
C -0.154448808 -1.902112913 0.000000000
C -0.483781206 -0.509311942 0.000000000
H 0.925047967 2.657388500 0.000000000
H -0.880163696 2.217305577 0.000000000
H -0.925047967 -2.657388500 0.000000000
H 1.528509312 0.222728355 0.000000000
H 0.880163696 -2.217305577 0.000000000
H -1.528509312 -0.222728355 0.000000000

C 1.909919246 -0.039278780 0.000000000
C 0.536092842 -0.454518220 0.000000000
C -1.909919246 0.039278780 0.000000000
C -0.536092842 0.454518220 0.000000000
H 2.711483404 -0.761439949 0.000000000
H 2.160019101 1.012726267 0.000000000
H -2.711483404 0.761439949 0.000000000
H 0.311601354 -1.513991884 0.000000000
H -2.160019101 -1.012726267 0.000000000
H -0.311601354 1.513991884 0.000000000

C -1.774014226 0.713888354 0.000000000
C -0.338111782 0.616610356 0.000000000
C 1.774014226 -0.713888354 0.000000000
C 0.338111782 -0.616610356 0.000000000
H -2.269388804 1.672203954 0.000000000
H -2.378718337 -0.182275532 0.000000000
H 2.269388804 -1.672203954 0.000000000
H 0.248241642 1.526785658 0.000000000
H 2.378718337 0.182275532 0.000000000
H -0.248241642 -1.526785658 0.000000000

C 1.435016296 1.266886802 0.000000000
C 0.109963128 0.694987234 0.000000000
C -1.435016296 -1.266886802 0.000000000
C -0.109963128 -0.694987234 0.000000000
H 1.583418329 2.335334762 0.000000000
H 2.303011818 0.622706302 0.000000000
H -1.583418329 -2.335334762 0.000000000
H -0.747577042 1.355399111 0.000000000
H -2.303011818 -0.622706302 0.000000000
H 0.747577042 -1.355399111 0.000000000

C 1.914422787 -0.080036463 0.000000000
C 0.521652376 -0.472777286 0.000000000
C -1.914422787 0.080036463 0.000000000
C -0.521652376 0.472777286 0.000000000
H 2.703510863 -0.815270148 0.000000000
H 2.180932033 0.967306641 0.000000000
H -2.703510863 0.815270148 0.000000000
H 0.270300514 -1.525172426 0.000000000
H -2.180932033 -0.967306641 0.000000000
H -0.270300514 1.525172426 0.000000000

C 1.916995242 0.065368701 0.000000000
C 0.554562793 -0.434395935 0.000000000
C -1.916995242 -0.065368701 0.000000000
C -0.554562793 0.434395935 0.000000000
H 2.760515228 -0.606515801 0.000000000
H 2.101350430 1.130009481 0.000000000
H -2.760515228 0.606515801 0.000000000
H 0.382204838 -1.502220041 0.000000000
H -2.101350430 -1.130009481 0.000000000
H -0.382204838 1.502220041 0.000000000

C -1.756020123 -0.776680094 0.000000000
C -0.307684524 -0.634065555 0.000000000
C 1.756020123 0.776680094 0.000000000
C 0.307684524 0.634065555 0.000000000
H -2.224182491 -1.748035366 0.000000000
H -2.383922290 0.102350408 0.000000000
H 2.224182491 1.748035366 0.000000000
H 0.313502526 -1.519211532 0.000000000
H 2.383922290 -0.102350408 0.000000000
H -0.313502526 1.519211532 0.000000000

C -1.921475764 -0.048743313 0.000000000
C -0.547782842 0.444097393 0.000000000
C 1.921475764 0.048743313 0.000000000
C 0.547782842 -0.444097393 0.000000000
H -2.760905465 0.627943105 0.000000000
H -2.111385812 -1.111952530 0.000000000
H 2.760905465 -0.627943105 0.000000000
H -0.363182947 1.509282482 0.000000000
H 2.111385812 1.111952530 0.000000000
H 0.363182947 -1.509282482 0.000000000

C -1.921512445 -0.099052337 0.000000000
C -0.557799536 0.432118495 0.000000000
C 1.921512445 0.099052337 0.000000000
C 0.557799536 -0.432118495 0.000000000
H -2.779124384 0.554268233 0.000000000
H -2.081720326 -1.166917949 0.000000000
H 2.779124384 -0.554268233 0.000000000
H -0.399574898 1.501245192 0.000000000
H 2.081720326 1.166917949 0.000000000
H 0.399574898 -1.501245192 0.000000000

C 1.795960445 0.695868654 0.000000000
C 0.330095456 0.624082465 0.000000000
C -1.795960445 -0.695868654 0.000000000
C -0.330095456 -0.624082465 0.000000000
H 2.312673282 1.642001294 0.000000000
H 2.377075070 -0.214004277 0.000000000
H -2.312673282 -1.642001294 0.000000000
H -0.252552227 1.533990884 0.000000000
H -2.377075070 0.214004277 0.000000000
H 0.252552227 -1.533990884 0.000000000

C -1.929386 -0.049704 0.000000
C -0.542065 0.453677 0.000000
C 1.929386 0.049704 0.000000
C 0.542065 -0.453677 0.000000
H -2.772250 0.622136 0.000000
H -2.111506 -1.113429 0.000000
H 2.772250 -0.622136 0.000000
H -0.351833 1.516671 0.000000
H 2.111506 1.113429 0.000000
H 0.351833 -1.516671 0.000000

C -1.937296 -0.050666 0.000000
C -0.536348 0.463256 0.000000
C 1.937296 0.050666 0.000000
C 0.536348 -0.463256 0.000000
H -2.783594 0.616330 0.000000
H -2.111626 -1.114905 0.000000
H 2.783594 -0.616330 0.000000
H -0.340483 1.524060 0.000000
H 2.111626 1.114905 0.000000
H 0.340483 -1.524060 0.000000

C -1.945207 -0.051627 0.000000
C -0.530631 0.472836 0.000000
C 1.945207 0.051627 0.000000
C 0.530631 -0.472836 0.000000
H -2.794938 0.610523 0.000000
H -2.111746 -1.116381 0.000000
H 2.794938 -0.610523 0.000000
H -0.329133 1.531448 0.000000
H 2.111746 1.116381 0.000000
H 0.329133 -1.531448 0.000000

C -1.953117 -0.052588 0.000000
C -0.524913 0.482415 0.000000
C 1.953117 0.052588 0.000000
C 0.524913 -0.482415 0.000000
H -2.806282 0.604716 0.000000
H -2.111866 -1.117857 0.000000
H 2.806282 -0.604716 0.000000
H -0.317784 1.538837 0.000000
H 2.111866 1.117857 0.000000
H 0.317784 -1.538837 0.000000

C -1.961027 -0.053549 0.000000
C -0.519196 0.491994 0.000000
C 1.961027 0.053549 0.000000
C 0.519196 -0.491994 0.000000
H -2.817626 0.598909 0.000000
H -2.111986 -1.119333 0.000000
H 2.817626 -0.598909 0.000000
H -0.306434 1.546225 0.000000
H 2.111986 1.119333 0.000000
H 0.306434 -1.546225 0.000000

C -1.968937 -0.054510 0.000000
C -0.513478 0.501574 0.000000
C 1.968937 0.054510 0.000000
C 0.513478 -0.501574 0.000000
H -2.828970 0.593102 0.000000
H -2.112106 -1.120809 0.000000
H 2.828970 -0.593102 0.000000
H -0.295084 1.553614 0.000000
H 2.112106 1.120809 0.000000
H 0.295084 -1.553614 0.000000

C -1.976848 -0.055472 0.000000
C -0.507761 0.511153 0.000000
C 1.976848 0.055472 0.000000
C 0.507761 -0.511153 0.000000
H -2.840315 0.587296 0.000000
H -2.112226 -1.122285 0.000000
H 2.840315 -0.587296 0.000000
H -0.283734 1.561002 0.000000
H 2.112226 1.122285 0.000000
H 0.283734 -1.561002 0.000000

C -1.984758 -0.056433 0.000000
C -0.502044 0.520732 0.000000
C 1.984758 0.056433 0.000000
C 0.502044 -0.520732 0.000000
H -2.851659 0.581489 0.000000
H -2.112346 -1.123762 0.000000
H 2.851659 -0.581489 0.000000
H -0.272384 1.568391 0.000000
H 2.112346 1.123762 0.000000
H 0.272384 -1.568391 0.000000
