File: tddft_input_0.out
-------------------------

              1         2         3         4         5         6
    1   0.38717   0.00000   0.00000   0.00000   0.00000   0.00000
    2   0.00000   0.48110   0.00000   0.00000   0.00000   0.00000
    3   0.00000   0.00000   0.49216   0.00000   0.00000   0.00000
    4   0.00000   0.00000   0.00000   0.49443   0.00000   0.00000
    5   0.00000   0.00000   0.00000   0.00000   0.51759   0.00000
    6   0.00000   0.00000   0.00000   0.00000   0.00000   0.83716
    7   0.00000   0.00000   0.00000   0.00000   0.00000  -0.00000
---
File: tddft_input_1.out
-------------------------

              1         2         3         4         5         6
    1   0.38277   0.00000   0.00000   0.00000   0.00000   0.00000
    2   0.00000   0.47855   0.00000   0.00000   0.00000   0.00000
    3   0.00000   0.00000   0.49141   0.00000   0.00000   0.00000
    4   0.00000   0.00000   0.00000   0.49255   0.00000   0.00000
    5   0.00000   0.00000   0.00000   0.00000   0.51670   0.00000
    6   0.00000   0.00000   0.00000   0.00000   0.00000   0.84012
    7   0.00000   0.00000   0.00000   0.00000   0.00000   0.00000
---
File: tddft_input_2.out
-------------------------

              1         2         3         4         5         6
    1   0.37836   0.00000   0.00000   0.00000   0.00000   0.00000
    2   0.00000   0.47604   0.00000   0.00000   0.00000   0.00000
    3   0.00000   0.00000   0.49064   0.00000   0.00000   0.00000
    4   0.00000   0.00000   0.00000   0.49069   0.00000   0.00000
    5   0.00000   0.00000   0.00000   0.00000   0.51581   0.00000
    6   0.00000   0.00000   0.00000   0.00000   0.00000   0.84267
    7   0.00000   0.00000   0.00000   0.00000   0.00000  -0.00000
---
File: tddft_input_3.out
-------------------------

              1         2         3         4         5         6
    1   0.37392   0.00000   0.00000   0.00000   0.00000   0.00000
    2   0.00000   0.47352   0.00000   0.00000   0.00000   0.00000
    3   0.00000   0.00000   0.48886   0.00000   0.00000   0.00000
    4   0.00000   0.00000   0.00000   0.48981   0.00000   0.00000
    5   0.00000   0.00000   0.00000   0.00000   0.51491   0.00000
    6   0.00000   0.00000   0.00000   0.00000   0.00000   0.84493
    7   0.00000   0.00000   0.00000   0.00000   0.00000   0.00000
---
File: tddft_input_4.out
-------------------------

              1         2         3         4         5         6
    1   0.36945   0.00000   0.00000   0.00000   0.00000   0.00000
    2   0.00000   0.47101   0.00000   0.00000   0.00000   0.00000
    3   0.00000   0.00000   0.48701   0.00000   0.00000   0.00000
    4   0.00000   0.00000   0.00000   0.48894   0.00000   0.00000
    5   0.00000   0.00000   0.00000   0.00000   0.51401   0.00000
    6   0.00000   0.00000   0.00000   0.00000   0.00000   0.84695
    7   0.00000   0.00000   0.00000   0.00000   0.00000   0.00000
---
File: tddft_input_5.out
-------------------------

              1         2         3         4         5         6
    1   0.36499   0.00000   0.00000   0.00000   0.00000   0.00000
    2   0.00000   0.46854   0.00000   0.00000   0.00000   0.00000
    3   0.00000   0.00000   0.48520   0.00000   0.00000   0.00000
    4   0.00000   0.00000   0.00000   0.48802   0.00000   0.00000
    5   0.00000   0.00000   0.00000   0.00000   0.51311   0.00000
    6   0.00000   0.00000   0.00000   0.00000   0.00000   0.84869
    7   0.00000   0.00000   0.00000   0.00000   0.00000   0.00000
---
File: tddft_input_6.out
-------------------------

              1         2         3         4         5         6
    1   0.36053   0.00000   0.00000   0.00000   0.00000   0.00000
    2   0.00000   0.46610   0.00000   0.00000   0.00000   0.00000
    3   0.00000   0.00000   0.48342   0.00000   0.00000   0.00000
    4   0.00000   0.00000   0.00000   0.48703   0.00000   0.00000
    5   0.00000   0.00000   0.00000   0.00000   0.51222   0.00000
    6   0.00000   0.00000   0.00000   0.00000   0.00000   0.85016
    7   0.00000   0.00000   0.00000   0.00000   0.00000   0.00000
---
File: tddft_input_7.out
-------------------------

              1         2         3         4         5         6
    1   0.35608   0.00000   0.00000   0.00000   0.00000   0.00000
    2   0.00000   0.46371   0.00000   0.00000   0.00000   0.00000
    3   0.00000   0.00000   0.48168   0.00000   0.00000   0.00000
    4   0.00000   0.00000   0.00000   0.48598   0.00000   0.00000
    5   0.00000   0.00000   0.00000   0.00000   0.51132   0.00000
    6   0.00000   0.00000   0.00000   0.00000   0.00000   0.85136
    7   0.00000   0.00000   0.00000   0.00000   0.00000   0.00000
---
File: tddft_input_8.out
-------------------------

              1         2         3         4         5         6
    1   0.35156   0.00000   0.00000   0.00000   0.00000   0.00000
    2   0.00000   0.46129   0.00000   0.00000   0.00000   0.00000
    3   0.00000   0.00000   0.47991   0.00000   0.00000   0.00000
    4   0.00000   0.00000   0.00000   0.48483   0.00000   0.00000
    5   0.00000   0.00000   0.00000   0.00000   0.51040   0.00000
    6   0.00000   0.00000   0.00000   0.00000   0.00000   0.85232
    7   0.00000   0.00000   0.00000   0.00000   0.00000  -0.00000
---
File: tddft_input_9.out
-------------------------

              1         2         3         4         5         6
    1   0.34704   0.00000   0.00000   0.00000   0.00000   0.00000
    2   0.00000   0.45892   0.00000   0.00000   0.00000   0.00000
    3   0.00000   0.00000   0.47818   0.00000   0.00000   0.00000
    4   0.00000   0.00000   0.00000   0.48357   0.00000   0.00000
    5   0.00000   0.00000   0.00000   0.00000   0.50861   0.00000
    6   0.00000   0.00000   0.00000   0.00000   0.00000   0.85308
    7   0.00000   0.00000   0.00000   0.00000   0.00000   0.00000
---
File: tddft_input_10.out
-------------------------

              1         2         3         4         5         6
    1   0.34557   0.00000   0.00000   0.00000   0.00000   0.00000
    2   0.00000   0.45784   0.00000   0.00000   0.00000   0.00000
    3   0.00000   0.00000   0.47663   0.00000   0.00000   0.00000
    4   0.00000   0.00000   0.00000   0.48392   0.00000   0.00000
    5   0.00000   0.00000   0.00000   0.00000   0.50743   0.00000
    6   0.00000   0.00000   0.00000   0.00000   0.00000   0.85375
    7   0.00000   0.00000   0.00000   0.00000   0.00000  -0.00000
---
File: tddft_input_11.out
-------------------------

              1         2         3         4         5         6
    1   0.34264   0.00000   0.00000   0.00000   0.00000   0.00000
    2   0.00000   0.45570   0.00000   0.00000   0.00000   0.00000
    3   0.00000   0.00000   0.47354   0.00000   0.00000   0.00000
    4   0.00000   0.00000   0.00000   0.48461   0.00000   0.00000
    5   0.00000   0.00000   0.00000   0.00000   0.50504   0.00000
    6   0.00000   0.00000   0.00000   0.00000   0.00000   0.85484
    7   0.00000   0.00000   0.00000   0.00000   0.00000   0.00000
---
File: tddft_input_12.out
-------------------------

              1         2         3         4         5         6
    1   0.34117   0.00000   0.00000   0.00000   0.00000   0.00000
    2   0.00000   0.45462   0.00000   0.00000   0.00000   0.00000
    3   0.00000   0.00000   0.47197   0.00000   0.00000   0.00000
    4   0.00000   0.00000   0.00000   0.48497   0.00000   0.00000
    5   0.00000   0.00000   0.00000   0.00000   0.50384   0.00000
    6   0.00000   0.00000   0.00000   0.00000   0.00000   0.85549
    7   0.00000   0.00000   0.00000   0.00000   0.00000  -0.00000
---
File: tddft_input_13.out
-------------------------

              1         2         3         4         5         6
    1   0.33967   0.00000   0.00000   0.00000   0.00000   0.00000
    2   0.00000   0.45354   0.00000   0.00000   0.00000   0.00000
    3   0.00000   0.00000   0.47042   0.00000   0.00000   0.00000
    4   0.00000   0.00000   0.00000   0.48530   0.00000   0.00000
    5   0.00000   0.00000   0.00000   0.00000   0.50261   0.00000
    6   0.00000   0.00000   0.00000   0.00000   0.00000   0.85611
    7   0.00000   0.00000   0.00000   0.00000   0.00000   0.00000
---
File: tddft_input_14.out
-------------------------

              1         2         3         4         5         6
    1   0.33817   0.00000   0.00000   0.00000   0.00000   0.00000
    2   0.00000   0.45245   0.00000   0.00000   0.00000   0.00000
    3   0.00000   0.00000   0.46886   0.00000   0.00000   0.00000
    4   0.00000   0.00000   0.00000   0.48564   0.00000   0.00000
    5   0.00000   0.00000   0.00000   0.00000   0.50137   0.00000
    6   0.00000   0.00000   0.00000   0.00000   0.00000   0.85673
    7   0.00000   0.00000   0.00000   0.00000   0.00000  -0.00000
---
File: tddft_input_15.out
-------------------------

              1         2         3         4         5         6
    1   0.33667   0.00000   0.00000   0.00000   0.00000   0.00000
    2   0.00000   0.45137   0.00000   0.00000   0.00000   0.00000
    3   0.00000   0.00000   0.46730   0.00000   0.00000   0.00000
    4   0.00000   0.00000   0.00000   0.48596   0.00000   0.00000
    5   0.00000   0.00000   0.00000   0.00000   0.50014   0.00000
    6   0.00000   0.00000   0.00000   0.00000   0.00000   0.85733
    7   0.00000   0.00000   0.00000   0.00000   0.00000   0.00000
---
File: tddft_input_16.out
-------------------------

              1         2         3         4         5         6
    1   0.33518   0.00000   0.00000   0.00000   0.00000   0.00000
    2   0.00000   0.45029   0.00000   0.00000   0.00000   0.00000
    3   0.00000   0.00000   0.46574   0.00000   0.00000   0.00000
    4   0.00000   0.00000   0.00000   0.48629   0.00000   0.00000
    5   0.00000   0.00000   0.00000   0.00000   0.49891   0.00000
    6   0.00000   0.00000   0.00000   0.00000   0.00000   0.85807
    7   0.00000   0.00000   0.00000   0.00000   0.00000   0.00000
---
File: tddft_input_17.out
-------------------------

              1         2         3         4         5         6
    1   0.33374   0.00000   0.00000   0.00000   0.00000   0.00000
    2   0.00000   0.44926   0.00000   0.00000   0.00000   0.00000
    3   0.00000   0.00000   0.46424   0.00000   0.00000   0.00000
    4   0.00000   0.00000   0.00000   0.48662   0.00000   0.00000
    5   0.00000   0.00000   0.00000   0.00000   0.49769   0.00000
    6   0.00000   0.00000   0.00000   0.00000   0.00000   0.85863
    7   0.00000   0.00000   0.00000   0.00000   0.00000  -0.00000
---
File: tddft_input_18.out
-------------------------

              1         2         3         4         5         6
    1   0.33222   0.00000   0.00000   0.00000   0.00000   0.00000
    2   0.00000   0.44816   0.00000   0.00000   0.00000   0.00000
    3   0.00000   0.00000   0.46265   0.00000   0.00000   0.00000
    4   0.00000   0.00000   0.00000   0.48694   0.00000   0.00000
    5   0.00000   0.00000   0.00000   0.00000   0.49642   0.00000
    6   0.00000   0.00000   0.00000   0.00000   0.00000   0.85904
    7   0.00000   0.00000   0.00000   0.00000   0.00000   0.00000
---
File: tddft_input_19.out
-------------------------

              1         2         3         4         5         6
    1   0.33067   0.00000   0.00000   0.00000   0.00000   0.00000
    2   0.00000   0.44707   0.00000   0.00000   0.00000   0.00000
    3   0.00000   0.00000   0.46108   0.00000   0.00000   0.00000
    4   0.00000   0.00000   0.00000   0.48723   0.00000   0.00000
    5   0.00000   0.00000   0.00000   0.00000   0.49515   0.00000
    6   0.00000   0.00000   0.00000   0.00000   0.00000   0.85956
    7   0.00000   0.00000   0.00000   0.00000   0.00000   0.00000
---
File: tddft_input_20.out
-------------------------

              1         2         3         4         5         6
    1   0.32917   0.00000   0.00000   0.00000   0.00000   0.00000
    2   0.00000   0.44600   0.00000   0.00000   0.00000   0.00000
    3   0.00000   0.00000   0.45952   0.00000   0.00000   0.00000
    4   0.00000   0.00000   0.00000   0.48753   0.00000   0.00000
    5   0.00000   0.00000   0.00000   0.00000   0.49391   0.00000
    6   0.00000   0.00000   0.00000   0.00000   0.00000   0.86008
    7   0.00000   0.00000   0.00000   0.00000   0.00000   0.00000
---
File: tddft_input_21.out
-------------------------

              1         2         3         4         5         6
    1   0.32768   0.00000   0.00000   0.00000   0.00000   0.00000
    2   0.00000   0.44493   0.00000   0.00000   0.00000   0.00000
    3   0.00000   0.00000   0.45796   0.00000   0.00000   0.00000
    4   0.00000   0.00000   0.00000   0.48780   0.00000   0.00000
    5   0.00000   0.00000   0.00000   0.00000   0.49268   0.00000
    6   0.00000   0.00000   0.00000   0.00000   0.00000   0.86057
    7   0.00000   0.00000   0.00000   0.00000   0.00000   0.00000
---
File: tddft_input_22.out
-------------------------

              1         2         3         4         5         6
    1   0.32618   0.00000   0.00000   0.00000   0.00000   0.00000
    2   0.00000   0.44386   0.00000   0.00000   0.00000   0.00000
    3   0.00000   0.00000   0.45640   0.00000   0.00000   0.00000
    4   0.00000   0.00000   0.00000   0.48802   0.00000   0.00000
    5   0.00000   0.00000   0.00000   0.00000   0.49149   0.00000
    6   0.00000   0.00000   0.00000   0.00000   0.00000   0.86104
    7   0.00000   0.00000   0.00000   0.00000   0.00000   0.00000
---
File: tddft_input_23.out
-------------------------

              1         2         3         4         5         6
    1   0.32321   0.00000   0.00000   0.00000   0.00000   0.00000
    2   0.00000   0.44174   0.00000   0.00000   0.00000   0.00000
    3   0.00000   0.00000   0.45330   0.00000   0.00000   0.00000
    4   0.00000   0.00000   0.00000   0.48774   0.00000   0.00000
    5   0.00000   0.00000   0.00000   0.00000   0.48982   0.00000
    6   0.00000   0.00000   0.00000   0.00000   0.00000   0.86190
    7   0.00000   0.00000   0.00000   0.00000   0.00000   0.00000
---
File: tddft_input_24.out
-------------------------

              1         2         3         4         5         6
    1   0.31736   0.00000   0.00000   0.00000   0.00000   0.00000
    2   0.00000   0.43756   0.00000   0.00000   0.00000   0.00000
    3   0.00000   0.00000   0.44711   0.00000   0.00000   0.00000
    4   0.00000   0.00000   0.00000   0.48327   0.00000   0.00000
    5   0.00000   0.00000   0.00000   0.00000   0.49041   0.00000
    6   0.00000   0.00000   0.00000   0.00000   0.00000   0.86336
    7   0.00000   0.00000   0.00000   0.00000   0.00000  -0.00000
---
File: tddft_input_25.out
-------------------------

              1         2         3         4         5         6
    1   0.31163   0.00000   0.00000   0.00000   0.00000   0.00000
    2   0.00000   0.43345   0.00000   0.00000   0.00000   0.00000
    3   0.00000   0.00000   0.44097   0.00000   0.00000   0.00000
    4   0.00000   0.00000   0.00000   0.47821   0.00000   0.00000
    5   0.00000   0.00000   0.00000   0.00000   0.49156   0.00000
    6   0.00000   0.00000   0.00000   0.00000   0.00000   0.86410
    7   0.00000   0.00000   0.00000   0.00000   0.00000   0.00000
---
File: tddft_input_26.out
-------------------------

              1         2         3         4         5         6
    1   0.30602   0.00000   0.00000   0.00000   0.00000   0.00000
    2   0.00000   0.42940   0.00000   0.00000   0.00000   0.00000
    3   0.00000   0.00000   0.43486   0.00000   0.00000   0.00000
    4   0.00000   0.00000   0.00000   0.47311   0.00000   0.00000
    5   0.00000   0.00000   0.00000   0.00000   0.49272   0.00000
    6   0.00000   0.00000   0.00000   0.00000   0.00000   0.86404
    7   0.00000   0.00000   0.00000   0.00000   0.00000   0.00000
---
File: tddft_input_27.out
-------------------------

              1         2         3         4         5         6
    1   0.30051   0.00000   0.00000   0.00000   0.00000   0.00000
    2   0.00000   0.42543   0.00000   0.00000   0.00000   0.00000
    3   0.00000   0.00000   0.42879   0.00000   0.00000   0.00000
    4   0.00000   0.00000   0.00000   0.46802   0.00000   0.00000
    5   0.00000   0.00000   0.00000   0.00000   0.49141   0.00000
    6   0.00000   0.00000   0.00000   0.00000   0.00000   0.86288
    7   0.00000   0.00000   0.00000   0.00000   0.00000  -0.00000
---
File: tddft_input_28.out
-------------------------

              1         2         3         4         5         6
    1   0.29512   0.00000   0.00000   0.00000   0.00000   0.00000
    2   0.00000   0.42151   0.00000   0.00000   0.00000   0.00000
    3   0.00000   0.00000   0.42274   0.00000   0.00000   0.00000
    4   0.00000   0.00000   0.00000   0.46294   0.00000   0.00000
    5   0.00000   0.00000   0.00000   0.00000   0.48886   0.00000
    6   0.00000   0.00000   0.00000   0.00000   0.00000   0.86034
    7   0.00000   0.00000   0.00000   0.00000   0.00000  -0.00000
---
File: tddft_input_29.out
-------------------------

              1         2         3         4         5         6
    1   0.28984   0.00000   0.00000   0.00000   0.00000   0.00000
    2   0.00000   0.41673   0.00000   0.00000   0.00000   0.00000
    3   0.00000   0.00000   0.41766   0.00000   0.00000   0.00000
    4   0.00000   0.00000   0.00000   0.45788   0.00000   0.00000
    5   0.00000   0.00000   0.00000   0.00000   0.48625   0.00000
    6   0.00000   0.00000   0.00000   0.00000   0.00000   0.85599
    7   0.00000   0.00000   0.00000   0.00000   0.00000   0.00000
---
File: tddft_input_30.out
-------------------------

              1         2         3         4         5         6
    1   0.28467   0.00000   0.00000   0.00000   0.00000   0.00000
    2   0.00000   0.41075   0.00000   0.00000   0.00000   0.00000
    3   0.00000   0.00000   0.41386   0.00000   0.00000   0.00000
    4   0.00000   0.00000   0.00000   0.45285   0.00000   0.00000
    5   0.00000   0.00000   0.00000   0.00000   0.48356   0.00000
    6   0.00000   0.00000   0.00000   0.00000   0.00000   0.84959
    7   0.00000   0.00000   0.00000   0.00000   0.00000  -0.00000
---
